1611724911227052033
1611742603283959815
1611718369459449858
1611681538051133441
1611681538051133441
1611707327266054144
1611701743489896450
1611647888055992322
1611621826387660800
1611593910966427648
1611588776437944320
1611583293438464000
1611460093677019170
1611645037879721984
1611753585246617604
1611721380302561282
1611630785227784192
1611754558392500224
1611764722218733568
1611765243272744962
1611768404909690880
1611775744685838336
1611780441757081602
1611786493491613696
1611796504775114754
1611795813516337152
1611805624727117824
1611800125013123073
1611812041727131650
1611813585952571392
1611812734781517824
1611813443593736192
1611819197490675713
1611831415435313155
1611833739067244545
1611833165986893826
1611843217946714114
1611842725162418176
1611842335910039554
1611847772289875969
1611847324581478403
1611846501637947393
1611850659120443393
1611964413275426816
1611944165138464768
1611934390384267266
1612008089250680834
1612012030998740992
1612011807551651842
1612031748430499842
1612022900600496130
1612068907308781568
